9.83252301812172 Test loss (%)
98.15853834152222 Test accuracy (%)

97.90105197606921 Kappa accuracy (%)
98.15853658536585 Overall accuracy (%)
97.3638182139949 Average accuracy (%)

                              precision    recall  f1-score   support

                     Alfalfa       0.90      0.97      0.94        37
                 Corn-notill       0.99      0.97      0.98      1143
                    Corn-min       0.95      0.99      0.97       664
                        Corn       0.98      0.99      0.99       190
               Grass-pasture       0.99      0.94      0.97       386
                 Grass-trees       0.99      0.99      0.99       584
         Grass-pasture-mowed       1.00      1.00      1.00        22
               Hay-windrowed       0.98      1.00      0.99       382
                        Oats       0.93      0.88      0.90        16
              Soybean-notill       0.97      0.99      0.98       778
                 Soybean-min       0.98      0.98      0.98      1964
               Soybean-clean       0.98      0.94      0.96       475
                       Wheat       0.95      1.00      0.98       164
                       Woods       1.00      1.00      1.00      1012
Buildings-Grass-Trees-Drives       1.00      0.98      0.99       309
          Stone-Steel-Towers       0.93      0.95      0.94        74

                    accuracy                           0.98      8200
                   macro avg       0.97      0.97      0.97      8200
                weighted avg       0.98      0.98      0.98      8200

[[  36    0    0    0    0    0    0    0    0    1    0    0    0    0
     0    0]
 [   4 1107    0    0    0    0    0    0    0    5   26    1    0    0
     0    0]
 [   0    0  658    3    2    0    0    0    0    0    0    1    0    0
     0    0]
 [   0    0    1  189    0    0    0    0    0    0    0    0    0    0
     0    0]
 [   0    0   13    0  364    0    0    0    0    0    1    0    8    0
     0    0]
 [   0    0    0    0    0  581    0    0    0    0    3    0    0    0
     0    0]
 [   0    0    0    0    0    0   22    0    0    0    0    0    0    0
     0    0]
 [   0    0    0    0    0    0    0  382    0    0    0    0    0    0
     0    0]
 [   0    0    1    0    1    0    0    0   14    0    0    0    0    0
     0    0]
 [   0    0    2    0    1    0    0    0    0  773    0    2    0    0
     0    0]
 [   0    7    0    0    0    4    0    7    0   15 1931    0    0    0
     0    0]
 [   0    0   16    1    0    0    0    0    1    7    0  445    0    0
     0    5]
 [   0    0    0    0    0    0    0    0    0    0    0    0  164    0
     0    0]
 [   0    0    0    0    0    0    0    2    0    0    0    0    0 1010
     0    0]
 [   0    3    2    0    0    0    0    0    0    0    0    1    0    0
   303    0]
 [   0    0    0    0    0    0    0    0    0    0    0    4    0    0
     0   70]]